# Wasserdichten bei T_1 [g/cm³] # Wasserdichten bei T_2 [g/cm³]
0.996625                        0.998708
0.996236                        0.998863 	
0.99562                         0.999087 	
0.99500                         0.999261
0.99437                         0.999417
0.99396                         0.999512 
0.99333                         0.999618 
0.99274                         0.999720 	
0.99214                         0.999791
0.99156                         0.999851
0.99100                         0.999895
0.98000                         0.999925
0.98988                         0.999946 
0.98953                         0.999959
0.98897                         0.999968 
0.98848                         0.999973