#Impulse
5698
6165
5903
5662
5994
6271
6124
6045
5963
6185
6174
6211
6346
6035
5885
6690
6335
6300
6180
5906
5934
5952
5752
6004
6825
6368
6391
6706
6018
6282
6520
5991
6630
6172
12230
13087
8415
6476
5981
6333
6456
5933
5730
6034
5617
6452
6113
5751
5909
5911
6927
6018
6559
7760
7836
9971
8389
6836
6817
8159
6289
6707
6521
6238
6208
7195
8585
5970
6584
6382
6492
6885
7072
8961
8449
5931
7467
10899
6740
7542
7503
8344
7953
7030
8580
7027
6361
5994
12068
6640
6096
6606
6627
6639
6898
6445
6482
6046
6137
5811