#Fallzeit1 t1_ab  #Steigzeit1 t1_auf	#Fallzeit2 t2_ab #Steigzeit2 t2_auf #Thermowiderstand[MOhm]	#Temperatur[°C]  	#Viskosität der Luft[10^-5 Ns/m^2]
 4.153	 4.521	    0	    0 	1.74	31		
 2.683	 2.824	2.584	    0	1.74	31		
 4.636	 4.183	5.260	4.462	1.77	30		
14.231	12.915	    0	    0	1.77	30		
 5.580	 5.042	5.249	    0	1.74	31		
 5.886	 4.439	4.915	4.420	1.80	29		
 5.801	 6.134	5.596	6.155	1.79	29		
 8.710	10.338	    0	   	0	1.79	29		
 5.312	 7.092	5.637	   	0	1.78	30		
14.080	17.314	   	0	   	0	1.79	29		
16.894	12.156	   	0	  	0	1.78	30		







	